1.171204345576812926e+02
1.076900380140093283e+01
1.772845462214275614e+01
1.166070830177358175e+02
1.955336221935485241e+01
1.165097497392789592e+02
1.166094866158934451e+02
1.870707332226449893e+01
1.413949885205506263e+01
1.070224961485755344e+01
1.180007552750563491e+02
1.595618746737109106e+01
1.189196167701962139e+02
1.136853756097326595e+02
1.141850183759421782e+02
1.164468274387127451e+02
1.562034793461366711e+01
1.627735854876748789e+01
1.169416825574501217e+02
1.167707213485320636e+02
1.605178789418300056e+01
1.814992701862409064e+01
1.187045357587819296e+02
1.813700732335236054e+01
1.135260863581707298e+02
1.370742885734936500e+01
1.599969569084039733e+01
1.174400800938072109e+02
1.884245515352434808e+01
1.077453780485324053e+01
1.824001447593266079e+01
1.783141332140497326e+01
1.166392139159642340e+02
1.169711351684131557e+02
1.793141243811898278e+01
2.071836613726508602e+01
2.245005415327169729e+01
1.164997454023219206e+02
1.766739332415732022e+01
1.133055811650207119e+02
1.135346485508331398e+02
1.760195335632334945e+01
1.166094021659583859e+02
1.768193057195346185e+01
1.176119579930017238e+02
1.763763944161762964e+01
1.164924837485751823e+02
1.822117713495133273e+01
1.119112838044310720e+01
1.178867803022676100e+02
1.165627132755747084e+02
1.186154817908053474e+02
1.994715085663030152e+01
1.166151980672063360e+02
1.963413180902193744e+01
1.181241939373093146e+02
1.167098269053807940e+02
1.131000964449844020e+02
1.146577715233921708e+02
2.429680856702896463e+01
1.167825872006539072e+02
1.173570478343394967e+02
1.169982674906885194e+02
1.623850483468530825e+01
1.598611211528923448e+01
1.971155569845669930e+01
1.167127504724730045e+02
1.166946384256317657e+02
1.155694676519749180e+02
1.166532447892927706e+02
3.089050579189449763e+01
1.164852095849928588e+02
1.186781883767607297e+02
2.856736648406285184e+01
1.728709290098046480e+01
1.169337303589415740e+02
1.121845907332907011e+01
1.708015159538715011e+01
1.141099053485774846e+02
1.169978992904688653e+02
1.106083696226209412e+01
1.947521914113026043e+01
1.167041279605017792e+02
1.863366209375546845e+01
1.176824966327719153e+02
1.187708566100266694e+02
1.186244303954866695e+02
1.609797273459384570e+01
1.196848135531583495e+02
1.670808092780111309e+01
1.965029419458757687e+01
1.827741460776628912e+01
1.175382591368584997e+02
1.745657859186949423e+01
1.169300369400661879e+02
1.637434762832759461e+01
1.127045834107636146e+01
1.652424353363238652e+01
1.677765239156313370e+01
1.532989413510537702e+01
1.171729947006562043e+02
1.192526403396217631e+02
1.711306594765232347e+01
1.672614324533675045e+01
1.177040912081923096e+02
1.885001814096963813e+01
1.767668762913105240e+01
1.187370156233838969e+02
1.751405580069041790e+01
1.174069628078807739e+02
1.576361990245889544e+01
1.589623898334761520e+01
1.171983427204060604e+02
1.165108102222509956e+02
1.445321963217797645e+01
1.962611818578322342e+01
1.194410358877025402e+02
1.190325766313053037e+02
1.168334670029263549e+02
1.130076902811257256e+01
1.672009047532148074e+01
1.560814314884974863e+01
1.622134814020330396e+01
1.140486402164319912e+02
1.105766006779986199e+01
1.175604572428497363e+02
1.165121901146847705e+02
1.727699789027734667e+01
1.172347150767372455e+02
1.245349253714956461e+01
1.148321674376914387e+02
1.191053990294700355e+02
1.802676456643265013e+01
1.765801797414860275e+01
1.724242749830425936e+01
1.174031321702607329e+02
1.152005656876017170e+01
1.859362507221334226e+01
1.927783304683039844e+01
1.805426542084167352e+01
2.017368922438633660e+01
1.167747069456765416e+02
1.171915332137364913e+02
2.539467452329412112e+01
1.163998528169253746e+02
1.181159044077574833e+02
2.030829352876214955e+01
1.164840689448006259e+02
1.084362686634452899e+01
2.210187615104849712e+01
1.166462254044249960e+02
1.678924956880181441e+01
1.186191756869387035e+02
1.165130545023083357e+02
1.175290301298709466e+02
1.164980229831149217e+02
1.138364614460376885e+02
3.806270370618348409e+01
1.194214490548362875e+02
1.164624671920686865e+02
1.174814493164360840e+02
2.398504265867203245e+01
1.544016838682767556e+01
1.171681902616738142e+02
1.756230983635712306e+01
1.139436923350073556e+02
1.131798045859124784e+02
1.187166311462299859e+02
1.925582016013302677e+01
1.394973025940337408e+01
1.168454965482368806e+02
1.160330955632952765e+02
1.661499454414244070e+01
4.016004321628879836e+01
1.168514084186358559e+02
1.185985858292676625e+02
2.024178088893780370e+01
1.168731404326406391e+02
1.355637377981275549e+01
1.164625705872773267e+02
1.473052695012476221e+01
1.902696945059867062e+01
1.767298331102357878e+01
1.549650054401858412e+01
1.165392361812250073e+02
1.306105384820622461e+01
1.712123704069787777e+01
1.165906279416871456e+02
1.164845454957178532e+02
1.378086360768321583e+01
1.167916820680774208e+02
1.285430979649069805e+01
1.185685251898804751e+02
1.179938988390043448e+02
1.658269983856667196e+01
1.571940410900804608e+01
1.803276738727770123e+01
1.180356343553904992e+02
1.758106231486248561e+01
1.761368688161088158e+01
1.998710516770512413e+01
1.288960302372873201e+01
1.165600515462456741e+02
1.401711592984404220e+01
1.135378906572880311e+02
1.973755059618948948e+01
1.345368152418740948e+01
1.577025023025306361e+01
1.185601986267375878e+02
1.173244065886693335e+02
1.627434491402134142e+01
1.189243862658012318e+02
1.794010504907808112e+01
1.683483320133998973e+01
1.151532523078498294e+01
1.164419153588764289e+02
1.354351290420321874e+01
1.135014502252727624e+02
1.789392695000948663e+01
1.167364352747973868e+02
1.146252120898525959e+02
1.186628451473099091e+02
1.171211890008202232e+02
1.631740018620271471e+01
2.005686397034826030e+01
1.169922849484745910e+02
1.355086735712429657e+01
1.140947264076429803e+02
1.165419326021072521e+02
2.076358939117137936e+01
1.194657879400941169e+02
1.415179822495214168e+01
1.188503363673482625e+02
1.545424866965871402e+01
1.169321617074469515e+02
2.669536638150434737e+04
1.168618983112427543e+02
1.617034726780591569e+01
1.552007919046107531e+01
1.164201344271521350e+02
1.185034986030864985e+02
1.105657724561810262e+01
1.502110492481083881e+01
2.678407911341033832e+04
1.624263568304612448e+01
1.910724055438839741e+01
1.130319189050002109e+02
1.143179130229618465e+02
1.171443223586146303e+02
3.514902410254231313e+01
1.164450656126954158e+02
1.186342787715569216e+02
1.834433467844092647e+01
1.169773972497465451e+02
1.191837535916553890e+02
1.075941107351722437e+01
1.855537103360324380e+01
2.368415794041579403e+01
1.183201711208592428e+02
1.833989519607551699e+01
1.135115535358296626e+02
1.076986967427155051e+01
1.165835725006773202e+02
1.787287527763074024e+01
1.806851987784237679e+01
1.165677853956668315e+02
1.164225113270509127e+02
1.176225007458257181e+02
1.671006150359368547e+01
1.073304150663448198e+01
1.186414369331144059e+02
1.868819075463638057e+01
1.871006886027845439e+01
1.743222119885736987e+01
1.181731466123016503e+02
1.167042561023542646e+02
1.185970949821754346e+02
1.185048111397001662e+02
1.809719599246606947e+01
2.225158722273394218e+01
1.859986085802105649e+01
1.165214913305563869e+02
1.166467375561128819e+02
2.383088142167802559e+01
1.858089246720852827e+01
2.366179023282337823e+01
1.176033736566227361e+02
1.786977660951673030e+01
1.165541106904304485e+02
2.027515280171999379e+01
1.061139616860680412e+01
2.065085794827901466e+01
1.580644699345108428e+01
2.026442006833296716e+01
1.171294829293306208e+02
1.191884247684445626e+02
1.188038207361465908e+02
1.618035960161095232e+01
1.595815317181706661e+01
1.642785511184683855e+01
1.662684407935218189e+01
1.079549124942498217e+01
1.484283963281662011e+01
3.841267811866873672e+01
1.157213004664304208e+02
1.134353390998191458e+02
1.068802970375276118e+01
1.989887685792729854e+01
1.654822757773993658e+01
2.811114608465400622e+01
1.187525192977898598e+02
2.783740903829871627e+01
1.165287947957303771e+02
1.595399325534237178e+01
1.747051856157371219e+01
1.140764625060899817e+02
1.578656285668343706e+01
1.176119579930017238e+02
1.675584538422981495e+01
3.536138785989768252e+01
1.165946904328938842e+02
1.101325595328660256e+01
1.693280175799140608e+01
1.938889803117415767e+01
1.738097501337134787e+01
1.166147284734150986e+02
1.140864023330316570e+02
2.164038704048881101e+01
1.658443071520121137e+01
1.158995970574091672e+01
1.186272232883778486e+02
1.098365349686364034e+01
1.165260143055818105e+02
1.142011491975224118e+02
1.651255451841067412e+01
1.140144381935360087e+02
1.170454947097426839e+02
1.188339228902708697e+02
1.138236105030915724e+02
1.693695588321659784e+01
1.910099711894376640e+01
1.729778870937859381e+01
1.918263408879825249e+01
1.164718427078236971e+02
1.139413212027023974e+02
1.636595068032594469e+01
1.185746608632833130e+02
1.165458801889919584e+02
1.638663184779285942e+01
1.194133847617900699e+02
1.168747286381733375e+02
1.187563309849935109e+02
1.174341067783025778e+02
1.172385306085424617e+01
1.170633151878162295e+02
1.164851918565471465e+02
1.147135579959813896e+02
1.186341232453787455e+02
1.141655985330755954e+02
1.140404240950914243e+02
1.169881796416720761e+02
1.170018514019321145e+02
1.918348790961800177e+01
1.658430092684344714e+01
1.166649311211771334e+02
1.167920080834228145e+02
1.645212899074026680e+01
1.194559076180417208e+02
1.814782968853046441e+01
1.960521678569361370e+01
1.452376856668410809e+01
1.439678579082111654e+01
1.871383450863337927e+01
1.297519107971298169e+01
1.925488917109530718e+01
1.166421138318999766e+02
1.167944405399484396e+02
1.166230523425164307e+02
1.634008509438885426e+01
1.136404996523230722e+02
1.628252197319559613e+01
1.165415533044303800e+02
1.188742861216210400e+02
1.838138825279488486e+01
1.351167972037021059e+01
2.026812020398344671e+01
1.171333742752595271e+02
1.871854335964464866e+01
1.841675209852378714e+01
1.764977768391317170e+01
1.168743582759075679e+02
1.171614852832843354e+02
1.925255029247603744e+01
1.169389230310493701e+02
1.131486561928747108e+02
1.399744402609543670e+01
1.723481299839495762e+01
1.165827145352052128e+02
3.814538011985432320e+01
1.169390632537373875e+02
1.678162051999588300e+01
1.487148678631135823e+01
1.164039142591172009e+02
1.741633138112983659e+01
1.170107079947197803e+02
1.136565239450738858e+02
1.193006941174596278e+02
1.141791906793937272e+02
1.775681906547281841e+01
1.166798341333342250e+02
1.136061554124766957e+02
1.169832158412738607e+02
2.985469309563503160e+01
1.166276035541999221e+02
1.632435901368506848e+01
2.209247426123992852e+01
1.174400801042198452e+02
1.642235769968895909e+01
1.185832750959805537e+02
1.881882584851696194e+01
1.190075805455581133e+02
1.866034200121660902e+01
1.194657879400941169e+02
1.196693202438068653e+02
1.796182304006426733e+01
1.686849094127520488e+01
1.610347367948822495e+01
1.755460302751048829e+01
1.148056160335178788e+02
1.900085938294832033e+01
1.189774767380486509e+02
1.155250980753937711e+02
1.194676755670720922e+02
2.668165980195585144e+04
1.597480779161919173e+01
1.579305866626940436e+01
1.170815304667415973e+02
1.168224300554757491e+02
1.187360931331527922e+02
4.012893342937967134e+01
1.186739385182723083e+02
2.238744165124173691e+01
1.678308362993153935e+01
1.166242743843040444e+02
1.188762622680566210e+02
1.574802878526601191e+01
1.139388724392088932e+02
1.896779023039659506e+01
1.164912181048512423e+02
1.842542333760544082e+01
1.189209853800831240e+02
1.166084322659883981e+02
3.874158948491299270e+01
1.767204005918080156e+01
1.172761402304875844e+02
1.707223559324999229e+01
1.186867300979653663e+02
1.313838313975338679e+01
1.776964360796588593e+01
1.177216535890411393e+02
1.889177832408393698e+01
1.348044054148743598e+01
1.166843422300475339e+02
1.001188190455230797e+05
1.166423529649868982e+02
1.147037928390766126e+02
1.189228823649598183e+02
1.661713454171560755e+01
2.000171557186939463e+05
1.334819987568721444e+01
1.165572627389342273e+02
1.167788106423649737e+02
1.114330488814893094e+01
1.176153419468612071e+02
2.933530919114837307e+05
2.678404333789957309e+04
2.668319343062574990e+04
1.194176301335927661e+02
1.162469053433303401e+02
2.152850481405597449e+01
1.928122202618710190e+01
1.165855677305728477e+02
1.875421759644206077e+01
1.153705939642417206e+02
1.166170149580412811e+02
1.679660853487006023e+01
1.166534598117769121e+02
1.759199385605523958e+01
1.167406772055739594e+02
1.382518115950593796e+01
1.176331353812980325e+02
1.185832750644779452e+02
1.798212968967344949e+01
1.765141548234976199e+01
1.861760009528770610e+01
1.769844849760435679e+01
1.138407617702226133e+02
1.655121813898465888e+01
1.586198010742505105e+01
