2.116630961982108602e+03
1.017411564898179108e+03
2.016205065527163924e+03
2.112126930223211275e+03
1.034015405485680503e+03
1.114262290895055230e+03
2.119908408822458114e+03
2.013305214100669673e+03
2.014558772941271627e+03
2.013587742275493156e+03
2.127805591875739992e+03
2.014885121892486495e+03
2.121669576504479664e+03
1.114136078662736281e+03
2.120942362730225341e+03
2.110782040924498233e+03
1.015135738201112986e+03
2.339302030794200604e+01
2.117883901776788207e+03
1.118494111529226757e+03
2.011756568854563966e+03
1.021491397130418022e+03
2.113186135441439546e+03
2.015764686518955159e+03
2.112665245371805668e+03
2.012616575014771342e+03
2.016787590286505747e+03
2.120505142710458131e+03
1.019818029413923909e+03
1.022551011711986007e+03
2.015617169918081572e+03
1.025878267894385544e+03
1.123169148593173304e+03
1.115048396615774436e+03
2.017388390985309115e+03
3.051483188680220593e+01
3.175037139421742438e+01
2.115703090050663832e+03
2.020780040845356098e+03
2.113317254098935337e+03
2.111496105367360087e+03
3.463495160278101537e+01
2.116980007721202583e+03
2.015549324617578577e+03
2.112550626436588118e+03
1.015103572874235056e+03
2.111288239859998157e+03
2.019182110921372669e+03
1.625849151838780315e+01
1.125283317597289852e+03
2.111407990318989050e+03
2.112019679947787154e+03
1.019626466777943733e+03
1.114331269113620920e+03
2.015462289957936036e+03
1.121648043324550144e+03
1.120548532241607518e+03
2.111634334171124920e+03
1.118351268921122937e+03
2.019661826338214723e+03
2.111733498146171314e+03
1.114802616802276134e+03
1.114739482607282980e+03
1.023291259890082983e+03
3.104420532420266099e+01
1.027910809841248010e+03
2.112855813356288763e+03
1.119477658681407092e+03
2.117917321587917741e+03
2.117753255059834828e+03
2.031504510332603331e+03
1.113777115681809391e+03
2.111724356705492482e+03
2.029523768182353479e+03
1.025924168916036024e+03
1.115442538524353495e+03
2.021007768701018904e+03
2.019258855182182970e+03
1.116675591323825302e+03
1.117897767010536882e+03
1.838070073254564463e+01
1.022337153781435518e+03
2.112546741233134071e+03
2.016668021578146863e+03
2.129154274167790845e+03
1.119381437361887947e+03
2.129936339758577105e+03
1.013523565999311813e+03
2.118142866099165531e+03
2.012812793524955850e+03
1.021127376514960133e+03
1.026376544959458442e+03
1.126323808202215787e+03
1.023345992480062250e+03
1.114017059037145145e+03
2.012233399934516001e+03
1.019532600017984578e+03
1.022482889864538038e+03
2.576547572084600546e+01
2.019345685480193652e+03
2.121920167784566274e+03
2.132830141008573719e+03
2.013532997953130462e+03
2.039388809793247503e+01
2.128505454435513911e+03
2.015680834145954577e+03
2.019484469149610504e+03
1.123571776157330987e+03
1.015578159203611676e+03
1.119884939415535882e+03
2.015437568558731073e+03
2.015799653956337579e+03
1.115798395800253729e+03
2.111835340742921744e+03
2.018972623089730860e+03
2.020852285646687051e+03
1.114617912928139503e+03
2.125369999797481796e+03
2.112976276592377417e+03
2.017680445594853381e+03
2.018498144801979834e+03
2.010968498209983181e+03
3.723445761974410573e+01
2.127651336920646827e+03
1.016397869085331877e+03
1.126198816844420890e+03
1.122295008078050614e+03
2.017524097073669964e+03
2.117855726072115885e+03
2.010756662568171350e+03
2.119442125191553714e+03
1.334568088812760607e+02
2.016807367996216954e+03
2.017959839720004766e+03
1.014318381168378664e+03
2.120434900866732278e+03
2.015202152295107453e+03
1.024137459421335961e+03
1.018664457345055098e+03
1.020015711765163587e+03
2.025729885637472307e+03
2.126288355552619123e+03
2.118610729435037683e+03
2.027472230467525833e+03
2.114019351810176431e+03
2.115169642531778663e+03
2.022743853868052383e+03
2.112019356688602329e+03
1.020391986060200338e+03
1.021940597796035490e+03
1.115251386762354286e+03
2.018970867768569633e+03
2.112664898040915887e+03
2.111190929198136928e+03
1.120987768456207732e+03
1.183273967525971528e+02
1.123171434997255119e+03
2.034203359579377548e+03
1.123526620702129549e+03
2.115559577537589121e+03
1.116828159595730995e+03
1.025825056633259010e+03
2.017740665168030318e+03
2.119178839030438212e+03
1.017077700102856511e+03
1.122840274982921301e+03
1.170893547512686297e+02
1.118709891118500991e+03
1.020045126837089242e+03
2.014129478766331204e+03
1.114456887019276337e+03
1.133854062329161707e+03
1.014227007310996214e+03
2.035002469782437174e+03
1.119835044825035084e+03
2.112665340567265503e+03
1.017687660624603609e+03
1.132374718302964084e+03
1.917562728867574862e+01
2.112280363671533905e+03
1.021545944069594839e+03
2.017184928677408607e+03
2.024912788374411775e+03
1.016881975546824947e+03
2.114514009082677148e+03
2.014732583905937872e+03
1.023950773050595785e+03
1.121416825985282912e+03
2.111634268095146126e+03
2.017272238574682888e+03
2.113485926214004849e+03
2.020551937830123052e+03
1.113065782046333879e+03
1.115083635045250958e+03
2.017562452662719352e+03
2.011707181565148403e+03
2.026303230257107771e+03
2.119301158118601506e+03
2.013726472875069931e+03
2.015514105148945873e+03
1.017243860752181490e+03
2.021613206185091258e+03
1.157565939203400376e+02
1.017969567272357494e+03
2.112357129034250192e+03
1.019829792730807526e+03
2.013392128381322664e+03
1.019149601409628985e+03
1.118095676422906536e+03
2.113473574577066756e+03
1.013738608004015191e+03
2.118225551339641697e+03
1.015040724284231260e+03
2.011968433724716988e+03
2.021210548070047707e+03
1.114220855255555534e+03
1.015950043244134577e+03
2.113216494134129334e+03
2.145661585953745742e+01
1.119534092359814167e+03
2.112490152395405403e+03
2.116257594099676680e+03
1.213196637160353788e+02
1.020150448656091498e+03
1.036781676213632181e+03
2.115572945321292991e+03
1.013638031599982810e+03
1.113707874462849304e+03
1.117620186409003509e+03
1.018448248493876008e+03
1.237268415176501293e+02
2.012398868784290016e+03
1.119731263183849933e+03
2.013043161289317595e+03
2.111727917818869628e+03
2.769371096474103615e+04
1.117166447893483564e+03
2.017811546322082449e+03
1.013406422883236473e+03
1.113303403452183602e+03
2.111953353785876516e+03
2.014713885877258235e+03
1.029710346354408330e+03
2.878576540479170944e+04
2.020112289330360227e+03
2.026801377015533490e+03
2.111558017303424549e+03
2.118180854609820017e+03
1.127165664564982308e+03
2.030814742416216177e+03
2.111803425102499659e+03
1.118564561895147335e+03
2.201207953103665105e+01
1.119718344205739413e+03
2.111415688684738598e+03
1.018057394411881660e+03
2.012736917682191006e+03
2.016750486250662789e+03
1.129898788284585862e+03
1.016057048494470905e+03
2.112665085567363803e+03
1.014722718128660063e+03
2.112957560532760453e+03
2.011332984668817744e+03
1.025463316660087912e+03
1.115163309558177389e+03
2.111377098094056237e+03
1.128843536476694226e+03
1.015549273547490088e+03
1.016313010232079023e+03
1.120355885011941382e+03
1.021166493935023254e+03
2.012159649084446528e+03
2.477815070546821019e+01
1.119559225285686125e+03
2.122819698541077287e+03
2.112664366204392536e+03
1.114205958414970837e+03
2.012140729000554074e+03
1.025668427126167899e+03
2.012665449564064829e+03
2.112356426558773819e+03
1.118999828160778179e+03
1.029060127580062499e+03
2.015412012841034311e+03
2.019898760737842849e+03
1.124764621283959968e+03
2.013664281382674062e+03
2.115386023813097381e+03
1.026945577613830665e+03
1.013399011262433874e+03
1.022079100570425794e+03
1.017151296878403400e+03
2.027266518967859611e+03
1.114916575021662538e+03
2.112268947781859879e+03
2.122288098560128674e+03
2.011886135023468569e+03
2.012131951733330197e+03
2.016995713447163780e+03
1.020437647500427829e+03
2.022890314370807573e+03
2.014527763278794509e+03
1.046894700095176631e+03
2.124668824810366004e+03
1.117001296049608754e+03
2.010496313234128820e+03
2.017785760914249522e+03
2.017348650875746898e+03
2.028710147085624158e+03
2.117812637611072660e+03
1.027506503758899726e+03
1.124116256525823928e+03
2.010635406670633984e+03
2.013310999736209169e+03
2.112453383635836417e+03
2.020088974837736032e+03
2.118750042743498852e+03
2.013177468970317932e+03
1.052607024818372565e+03
2.116599304753097840e+03
1.015075124660157599e+03
2.013062920542931124e+03
1.039038615209572754e+03
1.015014004925802510e+03
2.113434374627000125e+03
1.114679750523158646e+03
2.022038423555565032e+03
1.016384917346929910e+03
1.024677153919320972e+03
1.118564402090705698e+03
2.011951362580748309e+03
1.163652403828184703e+02
2.117942656758048997e+03
1.013785765218072243e+03
2.111694635090433167e+03
2.117115022081841289e+03
2.116542663784493470e+03
1.116966404571833209e+03
1.017409904251062585e+03
1.015752430620500832e+03
2.032695345015229350e+03
2.022866751820022273e+03
1.116189682855454294e+03
2.111587240869538618e+03
2.020235604327639749e+03
2.113352584905447202e+03
1.122176676807549939e+03
2.016538367204964516e+03
2.112491130872575923e+03
1.122369382897780724e+03
1.118152893833967255e+03
1.124448657482940689e+03
1.018181024357415367e+03
1.121163810367966562e+03
1.113065782046333879e+03
2.116015816146971702e+03
2.112513592723225429e+03
1.115226070013359276e+03
2.115307499463059230e+03
2.116128404277062600e+03
1.118087847105877245e+03
1.019938828017302399e+03
2.013548306785587556e+03
1.118089635323855873e+03
1.113871941426062676e+03
2.402982203504956971e+01
2.119803703297853190e+03
1.020133650451404378e+03
1.014618917749341676e+03
2.086079561171952079e+01
2.012271077806822177e+03
2.013912604250555660e+03
1.033391137523092084e+03
1.032464325492995386e+03
2.112390238694238633e+03
1.120442141357194714e+03
1.119384925094250548e+03
2.012464358681019121e+03
1.118847453651269234e+03
1.018930268290966751e+03
1.119944051480667440e+03
1.119000299963196312e+03
1.013746802525671797e+03
2.020886862428256336e+03
1.021780083748555853e+03
2.112654748574465430e+03
2.016716725305661839e+03
2.011131159011332784e+03
1.017594501136134340e+03
2.118702702790693365e+03
2.121324509511038286e+03
2.021992639361885722e+03
2.112091337303478213e+03
2.116555332260672003e+03
2.020187754885932236e+03
2.733392390689056128e+01
1.115318618374999232e+03
1.044640405254019470e+03
1.113524018820524816e+03
1.017788385886002288e+03
2.697666589529904613e+01
1.113491677188132144e+03
2.018513760466369604e+03
2.116561314349232362e+03
2.115010229403241283e+03
1.125188214585989499e+03
2.117124232673520510e+03
1.018564475603876190e+03
2.117095122016748519e+03
2.112444179300223368e+03
2.118273220067045713e+03
2.022444746030777651e+03
1.118812632058968347e+03
2.016867616386529789e+03
2.017766763126146088e+03
2.120505142710458131e+03
2.012028814778413562e+03
2.112019915934816254e+03
2.021194316075580446e+03
2.115266880593822862e+03
2.013237730963142212e+03
1.237268415176501293e+02
2.122246774014100538e+03
2.021983627794343647e+03
2.014269504176706505e+03
1.017452878011537450e+03
2.027236922043806317e+03
2.112692472633827037e+03
2.013501194749712795e+03
2.113822512122412718e+03
1.118879769978954300e+03
1.121454480778878860e+03
2.768559131318240179e+04
1.016794205507786160e+03
2.012599543406240173e+03
2.113224702359576440e+03
1.122194840264217419e+03
2.117218765027632344e+03
2.033895015087466163e+03
2.112107590803899711e+03
2.021597275531006972e+03
2.012911532588351520e+03
2.111982633874108615e+03
2.112331597263827916e+03
1.015091541664810734e+03
2.111591260215623606e+03
1.021600053142748379e+03
2.112280363671533905e+03
2.018991828716068312e+03
1.127396890055715176e+03
2.115979112341034579e+03
2.035130642473058742e+03
2.016613102395147962e+03
1.115353141324211265e+03
1.016872722224978702e+03
1.119952776533861197e+03
2.016366229158377337e+03
1.012768794051574218e+03
2.121002951099801521e+03
1.022575579931121979e+03
1.013785635537502458e+03
1.115705010245815856e+03
1.163191383762175292e+03
1.113524484229398013e+03
1.121561132442559710e+03
1.121872543516883752e+03
2.016077904565597009e+03
1.056247562004626616e+03
1.013490421840609997e+03
1.113561877077661620e+03
1.114355284928176843e+03
1.016523052791510054e+03
1.128836377677729615e+03
2.872959699617397564e+04
2.878296977846817390e+04
2.668615277061199959e+04
1.114802456997834497e+03
1.140117947678857263e+03
2.019511071190913526e+03
2.012465221025781602e+03
2.112280691967429902e+03
1.019199033054623214e+03
2.121050102612197406e+03
2.120208367293282663e+03
2.052034944141354345e+01
2.115527295679676627e+03
2.015469831900104509e+03
2.121982310161040914e+03
1.015207419626665342e+03
2.112550626436588118e+03
2.112019584752327319e+03
2.012202366057186737e+03
1.015312837905004812e+03
1.014882844148194636e+03
2.011709587284325380e+03
1.117490076882333369e+03
1.025287476181284546e+03
2.013260214802177188e+03
